# Run Number, asym_1_0 (%), asym_2_0 (%), asym_4_0 (%), DD_yield, DT_yeild
1.0 0.00000e+00 -5.00000e-02 -5.00000e-02 2.63163e+12 1.25538e+07 
2.0 0.00000e+00 -5.00000e-02 -2.50000e-02 2.80438e+12 1.51089e+07 
3.0 0.00000e+00 -5.00000e-02 0.00000e+00 2.84699e+12 1.70429e+07 
4.0 0.00000e+00 -5.00000e-02 2.50000e-02 2.73436e+12 1.69535e+07 
5.0 0.00000e+00 -5.00000e-02 5.00000e-02 2.39231e+12 1.37591e+07 
6.0 0.00000e+00 -2.50000e-02 -5.00000e-02 2.93374e+12 1.62397e+07 
7.0 0.00000e+00 -2.50000e-02 -2.50000e-02 3.46706e+12 2.16694e+07 
8.0 0.00000e+00 -2.50000e-02 0.00000e+00 3.77434e+12 2.54645e+07 
9.0 0.00000e+00 -2.50000e-02 2.50000e-02 3.61860e+12 2.58606e+07 
10.0 0.00000e+00 -2.50000e-02 5.00000e-02 3.07691e+12 1.99472e+07 
11.0 0.00000e+00 0.00000e+00 -5.00000e-02 3.07889e+12 1.89216e+07 
12.0 0.00000e+00 0.00000e+00 -2.50000e-02 3.37718e+12 2.24621e+07 
13.0 0.00000e+00 0.00000e+00 0.00000e+00 7.55052e+12 4.45975e+07 
14.0 0.00000e+00 0.00000e+00 2.50000e-02 3.76209e+12 2.36575e+07 
15.0 0.00000e+00 0.00000e+00 5.00000e-02 3.34312e+12 2.13600e+07 
16.0 0.00000e+00 2.50000e-02 -5.00000e-02 2.86088e+12 1.83004e+07 
17.0 0.00000e+00 2.50000e-02 -2.50000e-02 3.53034e+12 2.46887e+07 
18.0 0.00000e+00 2.50000e-02 0.00000e+00 3.96912e+12 2.79396e+07 
19.0 0.00000e+00 2.50000e-02 2.50000e-02 3.58254e+12 2.69237e+07 
20.0 0.00000e+00 2.50000e-02 5.00000e-02 2.70389e+12 2.24058e+07 
21.0 0.00000e+00 5.00000e-02 -5.00000e-02 2.14097e+12 1.13798e+07 
22.0 0.00000e+00 5.00000e-02 -2.50000e-02 2.45880e+12 1.56916e+07 
23.0 0.00000e+00 5.00000e-02 0.00000e+00 2.47814e+12 1.75696e+07 
24.0 0.00000e+00 5.00000e-02 2.50000e-02 2.11343e+12 1.65259e+07 
25.0 0.00000e+00 5.00000e-02 5.00000e-02 1.51324e+12 9.17758e+06 
26.0 1.25000e-02 -5.00000e-02 -5.00000e-02 2.61678e+12 1.05960e+07 
27.0 1.25000e-02 -5.00000e-02 -2.50000e-02 2.72162e+12 1.33157e+07 
28.0 1.25000e-02 -5.00000e-02 0.00000e+00 2.72811e+12 1.51875e+07 
29.0 1.25000e-02 -5.00000e-02 2.50000e-02 2.61943e+12 1.55337e+07 
30.0 1.25000e-02 -5.00000e-02 5.00000e-02 2.28766e+12 1.25143e+07 
31.0 1.25000e-02 -2.50000e-02 -5.00000e-02 3.25317e+12 1.35147e+07 
32.0 1.25000e-02 -2.50000e-02 -2.50000e-02 3.55883e+12 1.77113e+07 
33.0 1.25000e-02 -2.50000e-02 0.00000e+00 3.71776e+12 2.17092e+07 
34.0 1.25000e-02 -2.50000e-02 2.50000e-02 3.53214e+12 2.23938e+07 
35.0 1.25000e-02 -2.50000e-02 5.00000e-02 3.06941e+12 1.78843e+07 
36.0 1.25000e-02 0.00000e+00 -5.00000e-02 3.52363e+12 1.62672e+07 
37.0 1.25000e-02 0.00000e+00 -2.50000e-02 4.15994e+12 1.96138e+07 
38.0 1.25000e-02 0.00000e+00 0.00000e+00 4.44094e+12 2.10840e+07 
39.0 1.25000e-02 0.00000e+00 2.50000e-02 4.17003e+12 2.01392e+07 
40.0 1.25000e-02 0.00000e+00 5.00000e-02 3.31915e+12 1.67089e+07 
41.0 1.25000e-02 2.50000e-02 -5.00000e-02 3.01552e+12 1.57044e+07 
42.0 1.25000e-02 2.50000e-02 -2.50000e-02 3.59559e+12 2.10249e+07 
43.0 1.25000e-02 2.50000e-02 0.00000e+00 3.78620e+12 2.40260e+07 
44.0 1.25000e-02 2.50000e-02 2.50000e-02 3.34726e+12 2.30466e+07 
45.0 1.25000e-02 2.50000e-02 5.00000e-02 2.48038e+12 1.77861e+07 
46.0 1.25000e-02 5.00000e-02 -5.00000e-02 2.08832e+12 1.00671e+07 
47.0 1.25000e-02 5.00000e-02 -2.50000e-02 2.37142e+12 1.34749e+07 
48.0 1.25000e-02 5.00000e-02 0.00000e+00 2.35483e+12 1.50191e+07 
49.0 1.25000e-02 5.00000e-02 2.50000e-02 2.02501e+12 1.40115e+07 
50.0 1.25000e-02 5.00000e-02 5.00000e-02 1.44986e+12 8.30324e+06 
51.0 2.50000e-02 -5.00000e-02 -5.00000e-02 2.29648e+12 7.78893e+06 
52.0 2.50000e-02 -5.00000e-02 -2.50000e-02 2.42628e+12 1.01453e+07 
53.0 2.50000e-02 -5.00000e-02 0.00000e+00 2.47803e+12 1.25831e+07 
54.0 2.50000e-02 -5.00000e-02 2.50000e-02 2.40242e+12 1.33050e+07 
55.0 2.50000e-02 -5.00000e-02 5.00000e-02 2.12010e+12 1.10804e+07 
56.0 2.50000e-02 -2.50000e-02 -5.00000e-02 2.71515e+12 8.50166e+06 
57.0 2.50000e-02 -2.50000e-02 -2.50000e-02 3.05050e+12 1.12424e+07 
58.0 2.50000e-02 -2.50000e-02 0.00000e+00 3.24786e+12 1.43144e+07 
59.0 2.50000e-02 -2.50000e-02 2.50000e-02 3.11979e+12 1.54286e+07 
60.0 2.50000e-02 -2.50000e-02 5.00000e-02 2.63868e+12 1.31565e+07 
61.0 2.50000e-02 0.00000e+00 -5.00000e-02 2.90097e+12 1.01294e+07 
62.0 2.50000e-02 0.00000e+00 -2.50000e-02 3.42354e+12 1.15617e+07 
63.0 2.50000e-02 0.00000e+00 0.00000e+00 3.68337e+12 1.18662e+07 
64.0 2.50000e-02 0.00000e+00 2.50000e-02 3.38258e+12 1.18347e+07 
65.0 2.50000e-02 0.00000e+00 5.00000e-02 2.70007e+12 1.01979e+07 
66.0 2.50000e-02 2.50000e-02 -5.00000e-02 2.64430e+12 1.21107e+07 
67.0 2.50000e-02 2.50000e-02 -2.50000e-02 3.15052e+12 1.53109e+07 
68.0 2.50000e-02 2.50000e-02 0.00000e+00 3.25878e+12 1.68229e+07 
69.0 2.50000e-02 2.50000e-02 2.50000e-02 2.78363e+12 1.48408e+07 
70.0 2.50000e-02 2.50000e-02 5.00000e-02 2.09727e+12 1.10650e+07 
71.0 2.50000e-02 5.00000e-02 -5.00000e-02 1.95574e+12 8.70302e+06 
72.0 2.50000e-02 5.00000e-02 -2.50000e-02 2.17383e+12 1.08957e+07 
73.0 2.50000e-02 5.00000e-02 0.00000e+00 2.14283e+12 1.15380e+07 
74.0 2.50000e-02 5.00000e-02 2.50000e-02 1.82328e+12 9.98901e+06 
75.0 2.50000e-02 5.00000e-02 5.00000e-02 1.32025e+12 6.61021e+06 
76.0 3.75000e-02 -5.00000e-02 -5.00000e-02 1.89631e+12 4.99047e+06 
77.0 3.75000e-02 -5.00000e-02 -2.50000e-02 2.06023e+12 7.07173e+06 
78.0 3.75000e-02 -5.00000e-02 0.00000e+00 2.14541e+12 9.47821e+06 
79.0 3.75000e-02 -5.00000e-02 2.50000e-02 2.12221e+12 1.07435e+07 
80.0 3.75000e-02 -5.00000e-02 5.00000e-02 1.89482e+12 9.29480e+06 
81.0 3.75000e-02 -2.50000e-02 -5.00000e-02 2.16478e+12 4.97672e+06 
82.0 3.75000e-02 -2.50000e-02 -2.50000e-02 2.43676e+12 6.30877e+06 
83.0 3.75000e-02 -2.50000e-02 0.00000e+00 2.60773e+12 7.67463e+06 
84.0 3.75000e-02 -2.50000e-02 2.50000e-02 2.51631e+12 8.62019e+06 
85.0 3.75000e-02 -2.50000e-02 5.00000e-02 2.09649e+12 7.51959e+06 
86.0 3.75000e-02 0.00000e+00 -5.00000e-02 2.28908e+12 5.91961e+06 
87.0 3.75000e-02 0.00000e+00 -2.50000e-02 2.66829e+12 6.63942e+06 
88.0 3.75000e-02 0.00000e+00 0.00000e+00 2.84926e+12 6.78261e+06 
89.0 3.75000e-02 0.00000e+00 2.50000e-02 2.60412e+12 6.58324e+06 
90.0 3.75000e-02 0.00000e+00 5.00000e-02 2.10735e+12 5.55361e+06 
91.0 3.75000e-02 2.50000e-02 -5.00000e-02 2.16742e+12 8.07922e+06 
92.0 3.75000e-02 2.50000e-02 -2.50000e-02 2.53476e+12 9.78071e+06 
93.0 3.75000e-02 2.50000e-02 0.00000e+00 2.58817e+12 1.03281e+07 
94.0 3.75000e-02 2.50000e-02 2.50000e-02 2.25784e+12 9.19065e+06 
95.0 3.75000e-02 2.50000e-02 5.00000e-02 1.71661e+12 6.78298e+06 
96.0 3.75000e-02 5.00000e-02 -5.00000e-02 1.73800e+12 6.71084e+06 
97.0 3.75000e-02 5.00000e-02 -2.50000e-02 1.90822e+12 7.89417e+06 
98.0 3.75000e-02 5.00000e-02 0.00000e+00 1.86000e+12 8.03595e+06 
99.0 3.75000e-02 5.00000e-02 2.50000e-02 1.57421e+12 6.94984e+06 
100.0 3.75000e-02 5.00000e-02 5.00000e-02 1.13317e+12 4.52924e+06 
101.0 5.00000e-02 -5.00000e-02 -5.00000e-02 1.51880e+12 3.08646e+06 
102.0 5.00000e-02 -5.00000e-02 -2.50000e-02 1.67785e+12 4.57917e+06 
103.0 5.00000e-02 -5.00000e-02 0.00000e+00 1.78820e+12 6.58102e+06 
104.0 5.00000e-02 -5.00000e-02 2.50000e-02 1.79919e+12 8.15752e+06 
105.0 5.00000e-02 -5.00000e-02 5.00000e-02 1.62335e+12 7.52404e+06 
106.0 5.00000e-02 -2.50000e-02 -5.00000e-02 1.68552e+12 2.83327e+06 
107.0 5.00000e-02 -2.50000e-02 -2.50000e-02 1.91011e+12 3.25764e+06 
108.0 5.00000e-02 -2.50000e-02 0.00000e+00 2.04446e+12 3.42473e+06 
109.0 5.00000e-02 -2.50000e-02 2.50000e-02 1.93496e+12 3.67136e+06 
110.0 5.00000e-02 -2.50000e-02 5.00000e-02 1.61687e+12 3.57002e+06 
111.0 5.00000e-02 0.00000e+00 -5.00000e-02 1.77870e+12 3.42569e+06 
112.0 5.00000e-02 0.00000e+00 -2.50000e-02 2.05182e+12 3.90179e+06 
113.0 5.00000e-02 0.00000e+00 0.00000e+00 2.16508e+12 4.07880e+06 
114.0 5.00000e-02 0.00000e+00 2.50000e-02 1.99481e+12 3.80636e+06 
115.0 5.00000e-02 0.00000e+00 5.00000e-02 1.61796e+12 3.03513e+06 
116.0 5.00000e-02 2.50000e-02 -5.00000e-02 1.72843e+12 5.13945e+06 
117.0 5.00000e-02 2.50000e-02 -2.50000e-02 1.98291e+12 5.86610e+06 
118.0 5.00000e-02 2.50000e-02 0.00000e+00 2.03951e+12 6.15596e+06 
119.0 5.00000e-02 2.50000e-02 2.50000e-02 1.76700e+12 5.13192e+06 
120.0 5.00000e-02 2.50000e-02 5.00000e-02 1.33988e+12 3.71795e+06 
121.0 5.00000e-02 5.00000e-02 -5.00000e-02 1.48162e+12 4.70024e+06 
122.0 5.00000e-02 5.00000e-02 -2.50000e-02 1.62597e+12 5.47563e+06 
123.0 5.00000e-02 5.00000e-02 0.00000e+00 1.57457e+12 5.48499e+06 
124.0 5.00000e-02 5.00000e-02 2.50000e-02 1.30680e+12 4.42414e+06 
125.0 5.00000e-02 5.00000e-02 5.00000e-02 9.33315e+11 2.91457e+06 
