# Neutron Energy Bins
0.00000e+00
5.00000e-03
1.00000e-02
1.50000e-02
2.00000e-02
2.50000e-02
3.00000e-02
3.50000e-02
4.00000e-02
4.50000e-02
5.00000e-02
5.50000e-02
6.00000e-02
6.50000e-02
7.00000e-02
7.50000e-02
8.00000e-02
8.50000e-02
9.00000e-02
9.50000e-02
1.00000e-01
1.05000e-01
1.10000e-01
1.15000e-01
1.20000e-01
1.25000e-01
1.30000e-01
1.35000e-01
1.40000e-01
1.45000e-01
1.50000e-01
1.55000e-01
1.60000e-01
1.65000e-01
1.70000e-01
1.75000e-01
1.80000e-01
1.85000e-01
1.90000e-01
1.95000e-01
2.00000e-01
2.05000e-01
2.10000e-01
2.15000e-01
2.20000e-01
2.25000e-01
2.30000e-01
2.35000e-01
2.40000e-01
2.45000e-01
2.50000e-01
2.55000e-01
2.60000e-01
2.65000e-01
2.70000e-01
2.75000e-01
2.80000e-01
2.85000e-01
2.90000e-01
2.95000e-01
3.00000e-01
3.05000e-01
3.10000e-01
3.15000e-01
3.20000e-01
3.25000e-01
3.30000e-01
3.35000e-01
3.40000e-01
3.45000e-01
3.50000e-01
3.55000e-01
3.60000e-01
3.65000e-01
3.70000e-01
3.75000e-01
3.80000e-01
3.85000e-01
3.90000e-01
3.95000e-01
4.00000e-01
4.05000e-01
4.10000e-01
4.15000e-01
4.20000e-01
4.25000e-01
4.30000e-01
4.35000e-01
4.40000e-01
4.45000e-01
4.50000e-01
4.55000e-01
4.60000e-01
4.65000e-01
4.70000e-01
4.75000e-01
4.80000e-01
4.85000e-01
4.90000e-01
4.95000e-01
5.00000e-01
5.05000e-01
5.10000e-01
5.15000e-01
5.20000e-01
5.25000e-01
5.30000e-01
5.35000e-01
5.40000e-01
5.45000e-01
5.50000e-01
5.55000e-01
5.60000e-01
5.65000e-01
5.70000e-01
5.75000e-01
5.80000e-01
5.85000e-01
5.90000e-01
5.95000e-01
6.00000e-01
6.05000e-01
6.10000e-01
6.15000e-01
6.20000e-01
6.25000e-01
6.30000e-01
6.35000e-01
6.40000e-01
6.45000e-01
6.50000e-01
6.55000e-01
6.60000e-01
6.65000e-01
6.70000e-01
6.75000e-01
6.80000e-01
6.85000e-01
6.90000e-01
6.95000e-01
7.00000e-01
7.05000e-01
7.10000e-01
7.15000e-01
7.20000e-01
7.25000e-01
7.30000e-01
7.35000e-01
7.40000e-01
7.45000e-01
7.50000e-01
7.55000e-01
7.60000e-01
7.65000e-01
7.70000e-01
7.75000e-01
7.80000e-01
7.85000e-01
7.90000e-01
7.95000e-01
8.00000e-01
8.05000e-01
8.10000e-01
8.15000e-01
8.20000e-01
8.25000e-01
8.30000e-01
8.35000e-01
8.40000e-01
8.45000e-01
8.50000e-01
8.55000e-01
8.60000e-01
8.65000e-01
8.70000e-01
8.75000e-01
8.80000e-01
8.85000e-01
8.90000e-01
8.95000e-01
9.00000e-01
9.05000e-01
9.10000e-01
9.15000e-01
9.20000e-01
9.25000e-01
9.30000e-01
9.35000e-01
9.40000e-01
9.45000e-01
9.50000e-01
9.55000e-01
9.60000e-01
9.65000e-01
9.70000e-01
9.75000e-01
9.80000e-01
9.85000e-01
9.90000e-01
9.95000e-01
1.00000e+00
1.00500e+00
1.01000e+00
1.01500e+00
1.02000e+00
1.02500e+00
1.03000e+00
1.03500e+00
1.04000e+00
1.04500e+00
1.05000e+00
1.05500e+00
1.06000e+00
1.06500e+00
1.07000e+00
1.07500e+00
1.08000e+00
1.08500e+00
1.09000e+00
1.09500e+00
1.10000e+00
1.10500e+00
1.11000e+00
1.11500e+00
1.12000e+00
1.12500e+00
1.13000e+00
1.13500e+00
1.14000e+00
1.14500e+00
1.15000e+00
1.15500e+00
1.16000e+00
1.16500e+00
1.17000e+00
1.17500e+00
1.18000e+00
1.18500e+00
1.19000e+00
1.19500e+00
1.20000e+00
1.20500e+00
1.21000e+00
1.21500e+00
1.22000e+00
1.22500e+00
1.23000e+00
1.23500e+00
1.24000e+00
1.24500e+00
1.25000e+00
1.25500e+00
1.26000e+00
1.26500e+00
1.27000e+00
1.27500e+00
1.28000e+00
1.28500e+00
1.29000e+00
1.29500e+00
1.30000e+00
1.30500e+00
1.31000e+00
1.31500e+00
1.32000e+00
1.32500e+00
1.33000e+00
1.33500e+00
1.34000e+00
1.34500e+00
1.35000e+00
1.35500e+00
1.36000e+00
1.36500e+00
1.37000e+00
1.37500e+00
1.38000e+00
1.38500e+00
1.39000e+00
1.39500e+00
1.40000e+00
1.40500e+00
1.41000e+00
1.41500e+00
1.42000e+00
1.42500e+00
1.43000e+00
1.43500e+00
1.44000e+00
1.44500e+00
1.45000e+00
1.45500e+00
1.46000e+00
1.46500e+00
1.47000e+00
1.47500e+00
1.48000e+00
1.48500e+00
1.49000e+00
1.49500e+00
1.50000e+00
1.50500e+00
1.51000e+00
1.51500e+00
1.52000e+00
1.52500e+00
1.53000e+00
1.53500e+00
1.54000e+00
1.54500e+00
1.55000e+00
1.55500e+00
1.56000e+00
1.56500e+00
1.57000e+00
1.57500e+00
1.58000e+00
1.58500e+00
1.59000e+00
1.59500e+00
1.60000e+00
1.60500e+00
1.61000e+00
1.61500e+00
1.62000e+00
1.62500e+00
1.63000e+00
1.63500e+00
1.64000e+00
1.64500e+00
1.65000e+00
1.65500e+00
1.66000e+00
1.66500e+00
1.67000e+00
1.67500e+00
1.68000e+00
1.68500e+00
1.69000e+00
1.69500e+00
1.70000e+00
1.70500e+00
1.71000e+00
1.71500e+00
1.72000e+00
1.72500e+00
1.73000e+00
1.73500e+00
1.74000e+00
1.74500e+00
1.75000e+00
1.75500e+00
1.76000e+00
1.76500e+00
1.77000e+00
1.77500e+00
1.78000e+00
1.78500e+00
1.79000e+00
1.79500e+00
1.80000e+00
1.80500e+00
1.81000e+00
1.81500e+00
1.82000e+00
1.82500e+00
1.83000e+00
1.83500e+00
1.84000e+00
1.84500e+00
1.85000e+00
1.85500e+00
1.86000e+00
1.86500e+00
1.87000e+00
1.87500e+00
1.88000e+00
1.88500e+00
1.89000e+00
1.89500e+00
1.90000e+00
1.90500e+00
1.91000e+00
1.91500e+00
1.92000e+00
1.92500e+00
1.93000e+00
1.93500e+00
1.94000e+00
1.94500e+00
1.95000e+00
1.95500e+00
1.96000e+00
1.96500e+00
1.97000e+00
1.97500e+00
1.98000e+00
1.98500e+00
1.99000e+00
1.99500e+00
2.00000e+00
2.00500e+00
2.01000e+00
2.01500e+00
2.02000e+00
2.02500e+00
2.03000e+00
2.03500e+00
2.04000e+00
2.04500e+00
2.05000e+00
2.05500e+00
2.06000e+00
2.06500e+00
2.07000e+00
2.07500e+00
2.08000e+00
2.08500e+00
2.09000e+00
2.09500e+00
2.10000e+00
2.10500e+00
2.11000e+00
2.11500e+00
2.12000e+00
2.12500e+00
2.13000e+00
2.13500e+00
2.14000e+00
2.14500e+00
2.15000e+00
2.15500e+00
2.16000e+00
2.16500e+00
2.17000e+00
2.17500e+00
2.18000e+00
2.18500e+00
2.19000e+00
2.19500e+00
2.20000e+00
2.20500e+00
2.21000e+00
2.21500e+00
2.22000e+00
2.22500e+00
2.23000e+00
2.23500e+00
2.24000e+00
2.24500e+00
2.25000e+00
2.25500e+00
2.26000e+00
2.26500e+00
2.27000e+00
2.27500e+00
2.28000e+00
2.28500e+00
2.29000e+00
2.29500e+00
2.30000e+00
2.30500e+00
2.31000e+00
2.31500e+00
2.32000e+00
2.32500e+00
2.33000e+00
2.33500e+00
2.34000e+00
2.34500e+00
2.35000e+00
2.35500e+00
2.36000e+00
2.36500e+00
2.37000e+00
2.37500e+00
2.38000e+00
2.38500e+00
2.39000e+00
2.39500e+00
2.40000e+00
2.40500e+00
2.41000e+00
2.41500e+00
2.42000e+00
2.42500e+00
2.43000e+00
2.43500e+00
2.44000e+00
2.44500e+00
2.45000e+00
2.45500e+00
2.46000e+00
2.46500e+00
2.47000e+00
2.47500e+00
2.48000e+00
2.48500e+00
2.49000e+00
2.49500e+00
2.50000e+00
2.50500e+00
2.51000e+00
2.51500e+00
2.52000e+00
2.52500e+00
2.53000e+00
2.53500e+00
2.54000e+00
2.54500e+00
2.55000e+00
2.55500e+00
2.56000e+00
2.56500e+00
2.57000e+00
2.57500e+00
2.58000e+00
2.58500e+00
2.59000e+00
2.59500e+00
2.60000e+00
2.60500e+00
2.61000e+00
2.61500e+00
2.62000e+00
2.62500e+00
2.63000e+00
2.63500e+00
2.64000e+00
2.64500e+00
2.65000e+00
2.65500e+00
2.66000e+00
2.66500e+00
2.67000e+00
2.67500e+00
2.68000e+00
2.68500e+00
2.69000e+00
2.69500e+00
2.70000e+00
2.70500e+00
2.71000e+00
2.71500e+00
2.72000e+00
2.72500e+00
2.73000e+00
2.73500e+00
2.74000e+00
2.74500e+00
2.75000e+00
2.75500e+00
2.76000e+00
2.76500e+00
2.77000e+00
2.77500e+00
2.78000e+00
2.78500e+00
2.79000e+00
2.79500e+00
2.80000e+00
2.80500e+00
2.81000e+00
2.81500e+00
2.82000e+00
2.82500e+00
2.83000e+00
2.83500e+00
2.84000e+00
2.84500e+00
2.85000e+00
2.85500e+00
2.86000e+00
2.86500e+00
2.87000e+00
2.87500e+00
2.88000e+00
2.88500e+00
2.89000e+00
2.89500e+00
2.90000e+00
2.90500e+00
2.91000e+00
2.91500e+00
2.92000e+00
2.92500e+00
2.93000e+00
2.93500e+00
2.94000e+00
2.94500e+00
2.95000e+00
2.95500e+00
2.96000e+00
2.96500e+00
2.97000e+00
2.97500e+00
2.98000e+00
2.98500e+00
2.99000e+00
2.99500e+00
3.00000e+00
3.00500e+00
3.01000e+00
3.01500e+00
3.02000e+00
3.02500e+00
3.03000e+00
3.03500e+00
3.04000e+00
3.04500e+00
3.05000e+00
3.05500e+00
3.06000e+00
3.06500e+00
3.07000e+00
3.07500e+00
3.08000e+00
3.08500e+00
3.09000e+00
3.09500e+00
3.10000e+00
3.10500e+00
3.11000e+00
3.11500e+00
3.12000e+00
3.12500e+00
3.13000e+00
3.13500e+00
3.14000e+00
3.14500e+00
3.15000e+00
3.15500e+00
3.16000e+00
3.16500e+00
3.17000e+00
3.17500e+00
3.18000e+00
3.18500e+00
3.19000e+00
3.19500e+00
3.20000e+00
3.20500e+00
3.21000e+00
3.21500e+00
3.22000e+00
3.22500e+00
3.23000e+00
3.23500e+00
3.24000e+00
3.24500e+00
3.25000e+00
3.25500e+00
3.26000e+00
3.26500e+00
3.27000e+00
3.27500e+00
3.28000e+00
3.28500e+00
3.29000e+00
3.29500e+00
3.30000e+00
3.30500e+00
3.31000e+00
3.31500e+00
3.32000e+00
3.32500e+00
3.33000e+00
3.33500e+00
3.34000e+00
3.34500e+00
3.35000e+00
3.35500e+00
3.36000e+00
3.36500e+00
3.37000e+00
3.37500e+00
3.38000e+00
3.38500e+00
3.39000e+00
3.39500e+00
3.40000e+00
3.40500e+00
3.41000e+00
3.41500e+00
3.42000e+00
3.42500e+00
3.43000e+00
3.43500e+00
3.44000e+00
3.44500e+00
3.45000e+00
3.45500e+00
3.46000e+00
3.46500e+00
3.47000e+00
3.47500e+00
3.48000e+00
3.48500e+00
3.49000e+00
3.49500e+00
3.50000e+00
3.50500e+00
3.51000e+00
3.51500e+00
3.52000e+00
3.52500e+00
3.53000e+00
3.53500e+00
3.54000e+00
3.54500e+00
3.55000e+00
3.55500e+00
3.56000e+00
3.56500e+00
3.57000e+00
3.57500e+00
3.58000e+00
3.58500e+00
3.59000e+00
3.59500e+00
3.60000e+00
3.60500e+00
3.61000e+00
3.61500e+00
3.62000e+00
3.62500e+00
3.63000e+00
3.63500e+00
3.64000e+00
3.64500e+00
3.65000e+00
3.65500e+00
3.66000e+00
3.66500e+00
3.67000e+00
3.67500e+00
3.68000e+00
3.68500e+00
3.69000e+00
3.69500e+00
3.70000e+00
3.70500e+00
3.71000e+00
3.71500e+00
3.72000e+00
3.72500e+00
3.73000e+00
3.73500e+00
3.74000e+00
3.74500e+00
3.75000e+00
3.75500e+00
3.76000e+00
3.76500e+00
3.77000e+00
3.77500e+00
3.78000e+00
3.78500e+00
3.79000e+00
3.79500e+00
3.80000e+00
3.80500e+00
3.81000e+00
3.81500e+00
3.82000e+00
3.82500e+00
3.83000e+00
3.83500e+00
3.84000e+00
3.84500e+00
3.85000e+00
3.85500e+00
3.86000e+00
3.86500e+00
3.87000e+00
3.87500e+00
3.88000e+00
3.88500e+00
3.89000e+00
3.89500e+00
3.90000e+00
3.90500e+00
3.91000e+00
3.91500e+00
3.92000e+00
3.92500e+00
3.93000e+00
3.93500e+00
3.94000e+00
3.94500e+00
3.95000e+00
3.95500e+00
3.96000e+00
3.96500e+00
3.97000e+00
3.97500e+00
3.98000e+00
3.98500e+00
3.99000e+00
3.99500e+00
4.00000e+00
4.00500e+00
4.01000e+00
4.01500e+00
4.02000e+00
4.02500e+00
4.03000e+00
4.03500e+00
4.04000e+00
4.04500e+00
4.05000e+00
4.05500e+00
4.06000e+00
4.06500e+00
4.07000e+00
4.07500e+00
4.08000e+00
4.08500e+00
4.09000e+00
4.09500e+00
4.10000e+00
4.10500e+00
4.11000e+00
4.11500e+00
4.12000e+00
4.12500e+00
4.13000e+00
4.13500e+00
4.14000e+00
4.14500e+00
4.15000e+00
4.15500e+00
4.16000e+00
4.16500e+00
4.17000e+00
4.17500e+00
4.18000e+00
4.18500e+00
4.19000e+00
4.19500e+00
4.20000e+00
4.20500e+00
4.21000e+00
4.21500e+00
4.22000e+00
4.22500e+00
4.23000e+00
4.23500e+00
4.24000e+00
4.24500e+00
4.25000e+00
4.25500e+00
4.26000e+00
4.26500e+00
4.27000e+00
4.27500e+00
4.28000e+00
4.28500e+00
4.29000e+00
4.29500e+00
4.30000e+00
4.30500e+00
4.31000e+00
4.31500e+00
4.32000e+00
4.32500e+00
4.33000e+00
4.33500e+00
4.34000e+00
4.34500e+00
4.35000e+00
4.35500e+00
4.36000e+00
4.36500e+00
4.37000e+00
4.37500e+00
4.38000e+00
4.38500e+00
4.39000e+00
4.39500e+00
4.40000e+00
4.40500e+00
4.41000e+00
4.41500e+00
4.42000e+00
4.42500e+00
4.43000e+00
4.43500e+00
4.44000e+00
4.44500e+00
4.45000e+00
4.45500e+00
4.46000e+00
4.46500e+00
4.47000e+00
4.47500e+00
4.48000e+00
4.48500e+00
4.49000e+00
4.49500e+00
4.50000e+00
4.50500e+00
4.51000e+00
4.51500e+00
4.52000e+00
4.52500e+00
4.53000e+00
4.53500e+00
4.54000e+00
4.54500e+00
4.55000e+00
4.55500e+00
4.56000e+00
4.56500e+00
4.57000e+00
4.57500e+00
4.58000e+00
4.58500e+00
4.59000e+00
4.59500e+00
4.60000e+00
4.60500e+00
4.61000e+00
4.61500e+00
4.62000e+00
4.62500e+00
4.63000e+00
4.63500e+00
4.64000e+00
4.64500e+00
4.65000e+00
4.65500e+00
4.66000e+00
4.66500e+00
4.67000e+00
4.67500e+00
4.68000e+00
4.68500e+00
4.69000e+00
4.69500e+00
4.70000e+00
4.70500e+00
4.71000e+00
4.71500e+00
4.72000e+00
4.72500e+00
4.73000e+00
4.73500e+00
4.74000e+00
4.74500e+00
4.75000e+00
4.75500e+00
4.76000e+00
4.76500e+00
4.77000e+00
4.77500e+00
4.78000e+00
4.78500e+00
4.79000e+00
4.79500e+00
4.80000e+00
4.80500e+00
4.81000e+00
4.81500e+00
4.82000e+00
4.82500e+00
4.83000e+00
4.83500e+00
4.84000e+00
4.84500e+00
4.85000e+00
4.85500e+00
4.86000e+00
4.86500e+00
4.87000e+00
4.87500e+00
4.88000e+00
4.88500e+00
4.89000e+00
4.89500e+00
4.90000e+00
4.90500e+00
4.91000e+00
4.91500e+00
4.92000e+00
4.92500e+00
4.93000e+00
4.93500e+00
4.94000e+00
4.94500e+00
4.95000e+00
4.95500e+00
4.96000e+00
4.96500e+00
4.97000e+00
4.97500e+00
4.98000e+00
4.98500e+00
4.99000e+00
4.99500e+00
5.00000e+00
5.00500e+00
5.01000e+00
5.01500e+00
5.02000e+00
5.02500e+00
5.03000e+00
5.03500e+00
5.04000e+00
5.04500e+00
5.05000e+00
5.05500e+00
5.06000e+00
5.06500e+00
5.07000e+00
5.07500e+00
5.08000e+00
5.08500e+00
5.09000e+00
5.09500e+00
5.10000e+00
5.10500e+00
5.11000e+00
5.11500e+00
5.12000e+00
5.12500e+00
5.13000e+00
5.13500e+00
5.14000e+00
5.14500e+00
5.15000e+00
5.15500e+00
5.16000e+00
5.16500e+00
5.17000e+00
5.17500e+00
5.18000e+00
5.18500e+00
5.19000e+00
5.19500e+00
5.20000e+00
5.20500e+00
5.21000e+00
5.21500e+00
5.22000e+00
5.22500e+00
5.23000e+00
5.23500e+00
5.24000e+00
5.24500e+00
5.25000e+00
5.25500e+00
5.26000e+00
5.26500e+00
5.27000e+00
5.27500e+00
5.28000e+00
5.28500e+00
5.29000e+00
5.29500e+00
5.30000e+00
5.30500e+00
5.31000e+00
5.31500e+00
5.32000e+00
5.32500e+00
5.33000e+00
5.33500e+00
5.34000e+00
5.34500e+00
5.35000e+00
5.35500e+00
5.36000e+00
5.36500e+00
5.37000e+00
5.37500e+00
5.38000e+00
5.38500e+00
5.39000e+00
5.39500e+00
5.40000e+00
5.40500e+00
5.41000e+00
5.41500e+00
5.42000e+00
5.42500e+00
5.43000e+00
5.43500e+00
5.44000e+00
5.44500e+00
5.45000e+00
5.45500e+00
5.46000e+00
5.46500e+00
5.47000e+00
5.47500e+00
5.48000e+00
5.48500e+00
5.49000e+00
5.49500e+00
5.50000e+00
5.50500e+00
5.51000e+00
5.51500e+00
5.52000e+00
5.52500e+00
5.53000e+00
5.53500e+00
5.54000e+00
5.54500e+00
5.55000e+00
5.55500e+00
5.56000e+00
5.56500e+00
5.57000e+00
5.57500e+00
5.58000e+00
5.58500e+00
5.59000e+00
5.59500e+00
5.60000e+00
5.60500e+00
5.61000e+00
5.61500e+00
5.62000e+00
5.62500e+00
5.63000e+00
5.63500e+00
5.64000e+00
5.64500e+00
5.65000e+00
5.65500e+00
5.66000e+00
5.66500e+00
5.67000e+00
5.67500e+00
5.68000e+00
5.68500e+00
5.69000e+00
5.69500e+00
5.70000e+00
5.70500e+00
5.71000e+00
5.71500e+00
5.72000e+00
5.72500e+00
5.73000e+00
5.73500e+00
5.74000e+00
5.74500e+00
5.75000e+00
5.75500e+00
5.76000e+00
5.76500e+00
5.77000e+00
5.77500e+00
5.78000e+00
5.78500e+00
5.79000e+00
5.79500e+00
5.80000e+00
5.80500e+00
5.81000e+00
5.81500e+00
5.82000e+00
5.82500e+00
5.83000e+00
5.83500e+00
5.84000e+00
5.84500e+00
5.85000e+00
5.85500e+00
5.86000e+00
5.86500e+00
5.87000e+00
5.87500e+00
5.88000e+00
5.88500e+00
5.89000e+00
5.89500e+00
5.90000e+00
5.90500e+00
5.91000e+00
5.91500e+00
5.92000e+00
5.92500e+00
5.93000e+00
5.93500e+00
5.94000e+00
5.94500e+00
5.95000e+00
5.95500e+00
5.96000e+00
5.96500e+00
5.97000e+00
5.97500e+00
5.98000e+00
5.98500e+00
5.99000e+00
5.99500e+00
6.00000e+00
6.00500e+00
6.01000e+00
6.01500e+00
6.02000e+00
6.02500e+00
6.03000e+00
6.03500e+00
6.04000e+00
6.04500e+00
6.05000e+00
6.05500e+00
6.06000e+00
6.06500e+00
6.07000e+00
6.07500e+00
6.08000e+00
6.08500e+00
6.09000e+00
6.09500e+00
6.10000e+00
6.10500e+00
6.11000e+00
6.11500e+00
6.12000e+00
6.12500e+00
6.13000e+00
6.13500e+00
6.14000e+00
6.14500e+00
6.15000e+00
6.15500e+00
6.16000e+00
6.16500e+00
6.17000e+00
6.17500e+00
6.18000e+00
6.18500e+00
6.19000e+00
6.19500e+00
6.20000e+00
6.20500e+00
6.21000e+00
6.21500e+00
6.22000e+00
6.22500e+00
6.23000e+00
6.23500e+00
6.24000e+00
6.24500e+00
6.25000e+00
6.25500e+00
6.26000e+00
6.26500e+00
6.27000e+00
6.27500e+00
6.28000e+00
6.28500e+00
6.29000e+00
6.29500e+00
6.30000e+00
6.30500e+00
6.31000e+00
6.31500e+00
6.32000e+00
6.32500e+00
6.33000e+00
6.33500e+00
6.34000e+00
6.34500e+00
6.35000e+00
6.35500e+00
6.36000e+00
6.36500e+00
6.37000e+00
6.37500e+00
6.38000e+00
6.38500e+00
6.39000e+00
6.39500e+00
6.40000e+00
6.40500e+00
6.41000e+00
6.41500e+00
6.42000e+00
6.42500e+00
6.43000e+00
6.43500e+00
6.44000e+00
6.44500e+00
6.45000e+00
6.45500e+00
6.46000e+00
6.46500e+00
6.47000e+00
6.47500e+00
6.48000e+00
6.48500e+00
6.49000e+00
6.49500e+00
6.50000e+00
6.50500e+00
6.51000e+00
6.51500e+00
6.52000e+00
6.52500e+00
6.53000e+00
6.53500e+00
6.54000e+00
6.54500e+00
6.55000e+00
6.55500e+00
6.56000e+00
6.56500e+00
6.57000e+00
6.57500e+00
6.58000e+00
6.58500e+00
6.59000e+00
6.59500e+00
6.60000e+00
6.60500e+00
6.61000e+00
6.61500e+00
6.62000e+00
6.62500e+00
6.63000e+00
6.63500e+00
6.64000e+00
6.64500e+00
6.65000e+00
6.65500e+00
6.66000e+00
6.66500e+00
6.67000e+00
6.67500e+00
6.68000e+00
6.68500e+00
6.69000e+00
6.69500e+00
6.70000e+00
6.70500e+00
6.71000e+00
6.71500e+00
6.72000e+00
6.72500e+00
6.73000e+00
6.73500e+00
6.74000e+00
6.74500e+00
6.75000e+00
6.75500e+00
6.76000e+00
6.76500e+00
6.77000e+00
6.77500e+00
6.78000e+00
6.78500e+00
6.79000e+00
6.79500e+00
6.80000e+00
6.80500e+00
6.81000e+00
6.81500e+00
6.82000e+00
6.82500e+00
6.83000e+00
6.83500e+00
6.84000e+00
6.84500e+00
6.85000e+00
6.85500e+00
6.86000e+00
6.86500e+00
6.87000e+00
6.87500e+00
6.88000e+00
6.88500e+00
6.89000e+00
6.89500e+00
6.90000e+00
6.90500e+00
6.91000e+00
6.91500e+00
6.92000e+00
6.92500e+00
6.93000e+00
6.93500e+00
6.94000e+00
6.94500e+00
6.95000e+00
6.95500e+00
6.96000e+00
6.96500e+00
6.97000e+00
6.97500e+00
6.98000e+00
6.98500e+00
6.99000e+00
6.99500e+00
7.00000e+00
7.00500e+00
7.01000e+00
7.01500e+00
7.02000e+00
7.02500e+00
7.03000e+00
7.03500e+00
7.04000e+00
7.04500e+00
7.05000e+00
7.05500e+00
7.06000e+00
7.06500e+00
7.07000e+00
7.07500e+00
7.08000e+00
7.08500e+00
7.09000e+00
7.09500e+00
7.10000e+00
7.10500e+00
7.11000e+00
7.11500e+00
7.12000e+00
7.12500e+00
7.13000e+00
7.13500e+00
7.14000e+00
7.14500e+00
7.15000e+00
7.15500e+00
7.16000e+00
7.16500e+00
7.17000e+00
7.17500e+00
7.18000e+00
7.18500e+00
7.19000e+00
7.19500e+00
7.20000e+00
7.20500e+00
7.21000e+00
7.21500e+00
7.22000e+00
7.22500e+00
7.23000e+00
7.23500e+00
7.24000e+00
7.24500e+00
7.25000e+00
7.25500e+00
7.26000e+00
7.26500e+00
7.27000e+00
7.27500e+00
7.28000e+00
7.28500e+00
7.29000e+00
7.29500e+00
7.30000e+00
7.30500e+00
7.31000e+00
7.31500e+00
7.32000e+00
7.32500e+00
7.33000e+00
7.33500e+00
7.34000e+00
7.34500e+00
7.35000e+00
7.35500e+00
7.36000e+00
7.36500e+00
7.37000e+00
7.37500e+00
7.38000e+00
7.38500e+00
7.39000e+00
7.39500e+00
7.40000e+00
7.40500e+00
7.41000e+00
7.41500e+00
7.42000e+00
7.42500e+00
7.43000e+00
7.43500e+00
7.44000e+00
7.44500e+00
7.45000e+00
7.45500e+00
7.46000e+00
7.46500e+00
7.47000e+00
7.47500e+00
7.48000e+00
7.48500e+00
7.49000e+00
7.49500e+00
7.50000e+00
7.50500e+00
7.51000e+00
7.51500e+00
7.52000e+00
7.52500e+00
7.53000e+00
7.53500e+00
7.54000e+00
7.54500e+00
7.55000e+00
7.55500e+00
7.56000e+00
7.56500e+00
7.57000e+00
7.57500e+00
7.58000e+00
7.58500e+00
7.59000e+00
7.59500e+00
7.60000e+00
7.60500e+00
7.61000e+00
7.61500e+00
7.62000e+00
7.62500e+00
7.63000e+00
7.63500e+00
7.64000e+00
7.64500e+00
7.65000e+00
7.65500e+00
7.66000e+00
7.66500e+00
7.67000e+00
7.67500e+00
7.68000e+00
7.68500e+00
7.69000e+00
7.69500e+00
7.70000e+00
7.70500e+00
7.71000e+00
7.71500e+00
7.72000e+00
7.72500e+00
7.73000e+00
7.73500e+00
7.74000e+00
7.74500e+00
7.75000e+00
7.75500e+00
7.76000e+00
7.76500e+00
7.77000e+00
7.77500e+00
7.78000e+00
7.78500e+00
7.79000e+00
7.79500e+00
7.80000e+00
7.80500e+00
7.81000e+00
7.81500e+00
7.82000e+00
7.82500e+00
7.83000e+00
7.83500e+00
7.84000e+00
7.84500e+00
7.85000e+00
7.85500e+00
7.86000e+00
7.86500e+00
7.87000e+00
7.87500e+00
7.88000e+00
7.88500e+00
7.89000e+00
7.89500e+00
7.90000e+00
7.90500e+00
7.91000e+00
7.91500e+00
7.92000e+00
7.92500e+00
7.93000e+00
7.93500e+00
7.94000e+00
7.94500e+00
7.95000e+00
7.95500e+00
7.96000e+00
7.96500e+00
7.97000e+00
7.97500e+00
7.98000e+00
7.98500e+00
7.99000e+00
7.99500e+00
8.00000e+00
8.00500e+00
8.01000e+00
8.01500e+00
8.02000e+00
8.02500e+00
8.03000e+00
8.03500e+00
8.04000e+00
8.04500e+00
8.05000e+00
8.05500e+00
8.06000e+00
8.06500e+00
8.07000e+00
8.07500e+00
8.08000e+00
8.08500e+00
8.09000e+00
8.09500e+00
8.10000e+00
8.10500e+00
8.11000e+00
8.11500e+00
8.12000e+00
8.12500e+00
8.13000e+00
8.13500e+00
8.14000e+00
8.14500e+00
8.15000e+00
8.15500e+00
8.16000e+00
8.16500e+00
8.17000e+00
8.17500e+00
8.18000e+00
8.18500e+00
8.19000e+00
8.19500e+00
8.20000e+00
8.20500e+00
8.21000e+00
8.21500e+00
8.22000e+00
8.22500e+00
8.23000e+00
8.23500e+00
8.24000e+00
8.24500e+00
8.25000e+00
8.25500e+00
8.26000e+00
8.26500e+00
8.27000e+00
8.27500e+00
8.28000e+00
8.28500e+00
8.29000e+00
8.29500e+00
8.30000e+00
8.30500e+00
8.31000e+00
8.31500e+00
8.32000e+00
8.32500e+00
8.33000e+00
8.33500e+00
8.34000e+00
8.34500e+00
8.35000e+00
8.35500e+00
8.36000e+00
8.36500e+00
8.37000e+00
8.37500e+00
8.38000e+00
8.38500e+00
8.39000e+00
8.39500e+00
8.40000e+00
8.40500e+00
8.41000e+00
8.41500e+00
8.42000e+00
8.42500e+00
8.43000e+00
8.43500e+00
8.44000e+00
8.44500e+00
8.45000e+00
8.45500e+00
8.46000e+00
8.46500e+00
8.47000e+00
8.47500e+00
8.48000e+00
8.48500e+00
8.49000e+00
8.49500e+00
8.50000e+00
8.50500e+00
8.51000e+00
8.51500e+00
8.52000e+00
8.52500e+00
8.53000e+00
8.53500e+00
8.54000e+00
8.54500e+00
8.55000e+00
8.55500e+00
8.56000e+00
8.56500e+00
8.57000e+00
8.57500e+00
8.58000e+00
8.58500e+00
8.59000e+00
8.59500e+00
8.60000e+00
8.60500e+00
8.61000e+00
8.61500e+00
8.62000e+00
8.62500e+00
8.63000e+00
8.63500e+00
8.64000e+00
8.64500e+00
8.65000e+00
8.65500e+00
8.66000e+00
8.66500e+00
8.67000e+00
8.67500e+00
8.68000e+00
8.68500e+00
8.69000e+00
8.69500e+00
8.70000e+00
8.70500e+00
8.71000e+00
8.71500e+00
8.72000e+00
8.72500e+00
8.73000e+00
8.73500e+00
8.74000e+00
8.74500e+00
8.75000e+00
8.75500e+00
8.76000e+00
8.76500e+00
8.77000e+00
8.77500e+00
8.78000e+00
8.78500e+00
8.79000e+00
8.79500e+00
8.80000e+00
8.80500e+00
8.81000e+00
8.81500e+00
8.82000e+00
8.82500e+00
8.83000e+00
8.83500e+00
8.84000e+00
8.84500e+00
8.85000e+00
8.85500e+00
8.86000e+00
8.86500e+00
8.87000e+00
8.87500e+00
8.88000e+00
8.88500e+00
8.89000e+00
8.89500e+00
8.90000e+00
8.90500e+00
8.91000e+00
8.91500e+00
8.92000e+00
8.92500e+00
8.93000e+00
8.93500e+00
8.94000e+00
8.94500e+00
8.95000e+00
8.95500e+00
8.96000e+00
8.96500e+00
8.97000e+00
8.97500e+00
8.98000e+00
8.98500e+00
8.99000e+00
8.99500e+00
9.00000e+00
9.00500e+00
9.01000e+00
9.01500e+00
9.02000e+00
9.02500e+00
9.03000e+00
9.03500e+00
9.04000e+00
9.04500e+00
9.05000e+00
9.05500e+00
9.06000e+00
9.06500e+00
9.07000e+00
9.07500e+00
9.08000e+00
9.08500e+00
9.09000e+00
9.09500e+00
9.10000e+00
9.10500e+00
9.11000e+00
9.11500e+00
9.12000e+00
9.12500e+00
9.13000e+00
9.13500e+00
9.14000e+00
9.14500e+00
9.15000e+00
9.15500e+00
9.16000e+00
9.16500e+00
9.17000e+00
9.17500e+00
9.18000e+00
9.18500e+00
9.19000e+00
9.19500e+00
9.20000e+00
9.20500e+00
9.21000e+00
9.21500e+00
9.22000e+00
9.22500e+00
9.23000e+00
9.23500e+00
9.24000e+00
9.24500e+00
9.25000e+00
9.25500e+00
9.26000e+00
9.26500e+00
9.27000e+00
9.27500e+00
9.28000e+00
9.28500e+00
9.29000e+00
9.29500e+00
9.30000e+00
9.30500e+00
9.31000e+00
9.31500e+00
9.32000e+00
9.32500e+00
9.33000e+00
9.33500e+00
9.34000e+00
9.34500e+00
9.35000e+00
9.35500e+00
9.36000e+00
9.36500e+00
9.37000e+00
9.37500e+00
9.38000e+00
9.38500e+00
9.39000e+00
9.39500e+00
9.40000e+00
9.40500e+00
9.41000e+00
9.41500e+00
9.42000e+00
9.42500e+00
9.43000e+00
9.43500e+00
9.44000e+00
9.44500e+00
9.45000e+00
9.45500e+00
9.46000e+00
9.46500e+00
9.47000e+00
9.47500e+00
9.48000e+00
9.48500e+00
9.49000e+00
9.49500e+00
9.50000e+00
9.50500e+00
9.51000e+00
9.51500e+00
9.52000e+00
9.52500e+00
9.53000e+00
9.53500e+00
9.54000e+00
9.54500e+00
9.55000e+00
9.55500e+00
9.56000e+00
9.56500e+00
9.57000e+00
9.57500e+00
9.58000e+00
9.58500e+00
9.59000e+00
9.59500e+00
9.60000e+00
9.60500e+00
9.61000e+00
9.61500e+00
9.62000e+00
9.62500e+00
9.63000e+00
9.63500e+00
9.64000e+00
9.64500e+00
9.65000e+00
9.65500e+00
9.66000e+00
9.66500e+00
9.67000e+00
9.67500e+00
9.68000e+00
9.68500e+00
9.69000e+00
9.69500e+00
9.70000e+00
9.70500e+00
9.71000e+00
9.71500e+00
9.72000e+00
9.72500e+00
9.73000e+00
9.73500e+00
9.74000e+00
9.74500e+00
9.75000e+00
9.75500e+00
9.76000e+00
9.76500e+00
9.77000e+00
9.77500e+00
9.78000e+00
9.78500e+00
9.79000e+00
9.79500e+00
9.80000e+00
9.80500e+00
9.81000e+00
9.81500e+00
9.82000e+00
9.82500e+00
9.83000e+00
9.83500e+00
9.84000e+00
9.84500e+00
9.85000e+00
9.85500e+00
9.86000e+00
9.86500e+00
9.87000e+00
9.87500e+00
9.88000e+00
9.88500e+00
9.89000e+00
9.89500e+00
9.90000e+00
9.90500e+00
9.91000e+00
9.91500e+00
9.92000e+00
9.92500e+00
9.93000e+00
9.93500e+00
9.94000e+00
9.94500e+00
9.95000e+00
9.95500e+00
9.96000e+00
9.96500e+00
9.97000e+00
9.97500e+00
9.98000e+00
9.98500e+00
9.99000e+00
9.99500e+00
1.00000e+01
1.00050e+01
1.00100e+01
1.00150e+01
1.00200e+01
1.00250e+01
1.00300e+01
1.00350e+01
1.00400e+01
1.00450e+01
1.00500e+01
1.00550e+01
1.00600e+01
1.00650e+01
1.00700e+01
1.00750e+01
1.00800e+01
1.00850e+01
1.00900e+01
1.00950e+01
1.01000e+01
1.01050e+01
1.01100e+01
1.01150e+01
1.01200e+01
1.01250e+01
1.01300e+01
1.01350e+01
1.01400e+01
1.01450e+01
1.01500e+01
1.01550e+01
1.01600e+01
1.01650e+01
1.01700e+01
1.01750e+01
1.01800e+01
1.01850e+01
1.01900e+01
1.01950e+01
1.02000e+01
1.02050e+01
1.02100e+01
1.02150e+01
1.02200e+01
1.02250e+01
1.02300e+01
1.02350e+01
1.02400e+01
1.02450e+01
1.02500e+01
1.02550e+01
1.02600e+01
1.02650e+01
1.02700e+01
1.02750e+01
1.02800e+01
1.02850e+01
1.02900e+01
1.02950e+01
1.03000e+01
1.03050e+01
1.03100e+01
1.03150e+01
1.03200e+01
1.03250e+01
1.03300e+01
1.03350e+01
1.03400e+01
1.03450e+01
1.03500e+01
1.03550e+01
1.03600e+01
1.03650e+01
1.03700e+01
1.03750e+01
1.03800e+01
1.03850e+01
1.03900e+01
1.03950e+01
1.04000e+01
1.04050e+01
1.04100e+01
1.04150e+01
1.04200e+01
1.04250e+01
1.04300e+01
1.04350e+01
1.04400e+01
1.04450e+01
1.04500e+01
1.04550e+01
1.04600e+01
1.04650e+01
1.04700e+01
1.04750e+01
1.04800e+01
1.04850e+01
1.04900e+01
1.04950e+01
1.05000e+01
1.05050e+01
1.05100e+01
1.05150e+01
1.05200e+01
1.05250e+01
1.05300e+01
1.05350e+01
1.05400e+01
1.05450e+01
1.05500e+01
1.05550e+01
1.05600e+01
1.05650e+01
1.05700e+01
1.05750e+01
1.05800e+01
1.05850e+01
1.05900e+01
1.05950e+01
1.06000e+01
1.06050e+01
1.06100e+01
1.06150e+01
1.06200e+01
1.06250e+01
1.06300e+01
1.06350e+01
1.06400e+01
1.06450e+01
1.06500e+01
1.06550e+01
1.06600e+01
1.06650e+01
1.06700e+01
1.06750e+01
1.06800e+01
1.06850e+01
1.06900e+01
1.06950e+01
1.07000e+01
1.07050e+01
1.07100e+01
1.07150e+01
1.07200e+01
1.07250e+01
1.07300e+01
1.07350e+01
1.07400e+01
1.07450e+01
1.07500e+01
1.07550e+01
1.07600e+01
1.07650e+01
1.07700e+01
1.07750e+01
1.07800e+01
1.07850e+01
1.07900e+01
1.07950e+01
1.08000e+01
1.08050e+01
1.08100e+01
1.08150e+01
1.08200e+01
1.08250e+01
1.08300e+01
1.08350e+01
1.08400e+01
1.08450e+01
1.08500e+01
1.08550e+01
1.08600e+01
1.08650e+01
1.08700e+01
1.08750e+01
1.08800e+01
1.08850e+01
1.08900e+01
1.08950e+01
1.09000e+01
1.09050e+01
1.09100e+01
1.09150e+01
1.09200e+01
1.09250e+01
1.09300e+01
1.09350e+01
1.09400e+01
1.09450e+01
1.09500e+01
1.09550e+01
1.09600e+01
1.09650e+01
1.09700e+01
1.09750e+01
1.09800e+01
1.09850e+01
1.09900e+01
1.09950e+01
1.10000e+01
1.10050e+01
1.10100e+01
1.10150e+01
1.10200e+01
1.10250e+01
1.10300e+01
1.10350e+01
1.10400e+01
1.10450e+01
1.10500e+01
1.10550e+01
1.10600e+01
1.10650e+01
1.10700e+01
1.10750e+01
1.10800e+01
1.10850e+01
1.10900e+01
1.10950e+01
1.11000e+01
1.11050e+01
1.11100e+01
1.11150e+01
1.11200e+01
1.11250e+01
1.11300e+01
1.11350e+01
1.11400e+01
1.11450e+01
1.11500e+01
1.11550e+01
1.11600e+01
1.11650e+01
1.11700e+01
1.11750e+01
1.11800e+01
1.11850e+01
1.11900e+01
1.11950e+01
1.12000e+01
1.12050e+01
1.12100e+01
1.12150e+01
1.12200e+01
1.12250e+01
1.12300e+01
1.12350e+01
1.12400e+01
1.12450e+01
1.12500e+01
1.12550e+01
1.12600e+01
1.12650e+01
1.12700e+01
1.12750e+01
1.12800e+01
1.12850e+01
1.12900e+01
1.12950e+01
1.13000e+01
1.13050e+01
1.13100e+01
1.13150e+01
1.13200e+01
1.13250e+01
1.13300e+01
1.13350e+01
1.13400e+01
1.13450e+01
1.13500e+01
1.13550e+01
1.13600e+01
1.13650e+01
1.13700e+01
1.13750e+01
1.13800e+01
1.13850e+01
1.13900e+01
1.13950e+01
1.14000e+01
1.14050e+01
1.14100e+01
1.14150e+01
1.14200e+01
1.14250e+01
1.14300e+01
1.14350e+01
1.14400e+01
1.14450e+01
1.14500e+01
1.14550e+01
1.14600e+01
1.14650e+01
1.14700e+01
1.14750e+01
1.14800e+01
1.14850e+01
1.14900e+01
1.14950e+01
1.15000e+01
1.15050e+01
1.15100e+01
1.15150e+01
1.15200e+01
1.15250e+01
1.15300e+01
1.15350e+01
1.15400e+01
1.15450e+01
1.15500e+01
1.15550e+01
1.15600e+01
1.15650e+01
1.15700e+01
1.15750e+01
1.15800e+01
1.15850e+01
1.15900e+01
1.15950e+01
1.16000e+01
1.16050e+01
1.16100e+01
1.16150e+01
1.16200e+01
1.16250e+01
1.16300e+01
1.16350e+01
1.16400e+01
1.16450e+01
1.16500e+01
1.16550e+01
1.16600e+01
1.16650e+01
1.16700e+01
1.16750e+01
1.16800e+01
1.16850e+01
1.16900e+01
1.16950e+01
1.17000e+01
1.17050e+01
1.17100e+01
1.17150e+01
1.17200e+01
1.17250e+01
1.17300e+01
1.17350e+01
1.17400e+01
1.17450e+01
1.17500e+01
1.17550e+01
1.17600e+01
1.17650e+01
1.17700e+01
1.17750e+01
1.17800e+01
1.17850e+01
1.17900e+01
1.17950e+01
1.18000e+01
1.18050e+01
1.18100e+01
1.18150e+01
1.18200e+01
1.18250e+01
1.18300e+01
1.18350e+01
1.18400e+01
1.18450e+01
1.18500e+01
1.18550e+01
1.18600e+01
1.18650e+01
1.18700e+01
1.18750e+01
1.18800e+01
1.18850e+01
1.18900e+01
1.18950e+01
1.19000e+01
1.19050e+01
1.19100e+01
1.19150e+01
1.19200e+01
1.19250e+01
1.19300e+01
1.19350e+01
1.19400e+01
1.19450e+01
1.19500e+01
1.19550e+01
1.19600e+01
1.19650e+01
1.19700e+01
1.19750e+01
1.19800e+01
1.19850e+01
1.19900e+01
1.19950e+01
1.20000e+01
1.20050e+01
1.20100e+01
1.20150e+01
1.20200e+01
1.20250e+01
1.20300e+01
1.20350e+01
1.20400e+01
1.20450e+01
1.20500e+01
1.20550e+01
1.20600e+01
1.20650e+01
1.20700e+01
1.20750e+01
1.20800e+01
1.20850e+01
1.20900e+01
1.20950e+01
1.21000e+01
1.21050e+01
1.21100e+01
1.21150e+01
1.21200e+01
1.21250e+01
1.21300e+01
1.21350e+01
1.21400e+01
1.21450e+01
1.21500e+01
1.21550e+01
1.21600e+01
1.21650e+01
1.21700e+01
1.21750e+01
1.21800e+01
1.21850e+01
1.21900e+01
1.21950e+01
1.22000e+01
1.22050e+01
1.22100e+01
1.22150e+01
1.22200e+01
1.22250e+01
1.22300e+01
1.22350e+01
1.22400e+01
1.22450e+01
1.22500e+01
1.22550e+01
1.22600e+01
1.22650e+01
1.22700e+01
1.22750e+01
1.22800e+01
1.22850e+01
1.22900e+01
1.22950e+01
1.23000e+01
1.23050e+01
1.23100e+01
1.23150e+01
1.23200e+01
1.23250e+01
1.23300e+01
1.23350e+01
1.23400e+01
1.23450e+01
1.23500e+01
1.23550e+01
1.23600e+01
1.23650e+01
1.23700e+01
1.23750e+01
1.23800e+01
1.23850e+01
1.23900e+01
1.23950e+01
1.24000e+01
1.24050e+01
1.24100e+01
1.24150e+01
1.24200e+01
1.24250e+01
1.24300e+01
1.24350e+01
1.24400e+01
1.24450e+01
1.24500e+01
1.24550e+01
1.24600e+01
1.24650e+01
1.24700e+01
1.24750e+01
1.24800e+01
1.24850e+01
1.24900e+01
1.24950e+01
1.25000e+01
1.25050e+01
1.25100e+01
1.25150e+01
1.25200e+01
1.25250e+01
1.25300e+01
1.25350e+01
1.25400e+01
1.25450e+01
1.25500e+01
1.25550e+01
1.25600e+01
1.25650e+01
1.25700e+01
1.25750e+01
1.25800e+01
1.25850e+01
1.25900e+01
1.25950e+01
1.26000e+01
1.26050e+01
1.26100e+01
1.26150e+01
1.26200e+01
1.26250e+01
1.26300e+01
1.26350e+01
1.26400e+01
1.26450e+01
1.26500e+01
1.26550e+01
1.26600e+01
1.26650e+01
1.26700e+01
1.26750e+01
1.26800e+01
1.26850e+01
1.26900e+01
1.26950e+01
1.27000e+01
1.27050e+01
1.27100e+01
1.27150e+01
1.27200e+01
1.27250e+01
1.27300e+01
1.27350e+01
1.27400e+01
1.27450e+01
1.27500e+01
1.27550e+01
1.27600e+01
1.27650e+01
1.27700e+01
1.27750e+01
1.27800e+01
1.27850e+01
1.27900e+01
1.27950e+01
1.28000e+01
1.28050e+01
1.28100e+01
1.28150e+01
1.28200e+01
1.28250e+01
1.28300e+01
1.28350e+01
1.28400e+01
1.28450e+01
1.28500e+01
1.28550e+01
1.28600e+01
1.28650e+01
1.28700e+01
1.28750e+01
1.28800e+01
1.28850e+01
1.28900e+01
1.28950e+01
1.29000e+01
1.29050e+01
1.29100e+01
1.29150e+01
1.29200e+01
1.29250e+01
1.29300e+01
1.29350e+01
1.29400e+01
1.29450e+01
1.29500e+01
1.29550e+01
1.29600e+01
1.29650e+01
1.29700e+01
1.29750e+01
1.29800e+01
1.29850e+01
1.29900e+01
1.29950e+01
1.30000e+01
1.30050e+01
1.30100e+01
1.30150e+01
1.30200e+01
1.30250e+01
1.30300e+01
1.30350e+01
1.30400e+01
1.30450e+01
1.30500e+01
1.30550e+01
1.30600e+01
1.30650e+01
1.30700e+01
1.30750e+01
1.30800e+01
1.30850e+01
1.30900e+01
1.30950e+01
1.31000e+01
1.31050e+01
1.31100e+01
1.31150e+01
1.31200e+01
1.31250e+01
1.31300e+01
1.31350e+01
1.31400e+01
1.31450e+01
1.31500e+01
1.31550e+01
1.31600e+01
1.31650e+01
1.31700e+01
1.31750e+01
1.31800e+01
1.31850e+01
1.31900e+01
1.31950e+01
1.32000e+01
1.32050e+01
1.32100e+01
1.32150e+01
1.32200e+01
1.32250e+01
1.32300e+01
1.32350e+01
1.32400e+01
1.32450e+01
1.32500e+01
1.32550e+01
1.32600e+01
1.32650e+01
1.32700e+01
1.32750e+01
1.32800e+01
1.32850e+01
1.32900e+01
1.32950e+01
1.33000e+01
1.33050e+01
1.33100e+01
1.33150e+01
1.33200e+01
1.33250e+01
1.33300e+01
1.33350e+01
1.33400e+01
1.33450e+01
1.33500e+01
1.33550e+01
1.33600e+01
1.33650e+01
1.33700e+01
1.33750e+01
1.33800e+01
1.33850e+01
1.33900e+01
1.33950e+01
1.34000e+01
1.34050e+01
1.34100e+01
1.34150e+01
1.34200e+01
1.34250e+01
1.34300e+01
1.34350e+01
1.34400e+01
1.34450e+01
1.34500e+01
1.34550e+01
1.34600e+01
1.34650e+01
1.34700e+01
1.34750e+01
1.34800e+01
1.34850e+01
1.34900e+01
1.34950e+01
1.35000e+01
1.35050e+01
1.35100e+01
1.35150e+01
1.35200e+01
1.35250e+01
1.35300e+01
1.35350e+01
1.35400e+01
1.35450e+01
1.35500e+01
1.35550e+01
1.35600e+01
1.35650e+01
1.35700e+01
1.35750e+01
1.35800e+01
1.35850e+01
1.35900e+01
1.35950e+01
1.36000e+01
1.36050e+01
1.36100e+01
1.36150e+01
1.36200e+01
1.36250e+01
1.36300e+01
1.36350e+01
1.36400e+01
1.36450e+01
1.36500e+01
1.36550e+01
1.36600e+01
1.36650e+01
1.36700e+01
1.36750e+01
1.36800e+01
1.36850e+01
1.36900e+01
1.36950e+01
1.37000e+01
1.37050e+01
1.37100e+01
1.37150e+01
1.37200e+01
1.37250e+01
1.37300e+01
1.37350e+01
1.37400e+01
1.37450e+01
1.37500e+01
1.37550e+01
1.37600e+01
1.37650e+01
1.37700e+01
1.37750e+01
1.37800e+01
1.37850e+01
1.37900e+01
1.37950e+01
1.38000e+01
1.38050e+01
1.38100e+01
1.38150e+01
1.38200e+01
1.38250e+01
1.38300e+01
1.38350e+01
1.38400e+01
1.38450e+01
1.38500e+01
1.38550e+01
1.38600e+01
1.38650e+01
1.38700e+01
1.38750e+01
1.38800e+01
1.38850e+01
1.38900e+01
1.38950e+01
1.39000e+01
1.39050e+01
1.39100e+01
1.39150e+01
1.39200e+01
1.39250e+01
1.39300e+01
1.39350e+01
1.39400e+01
1.39450e+01
1.39500e+01
1.39550e+01
1.39600e+01
1.39650e+01
1.39700e+01
1.39750e+01
1.39800e+01
1.39850e+01
1.39900e+01
1.39950e+01
1.40000e+01
1.40050e+01
1.40100e+01
1.40150e+01
1.40200e+01
1.40250e+01
1.40300e+01
1.40350e+01
1.40400e+01
1.40450e+01
1.40500e+01
1.40550e+01
1.40600e+01
1.40650e+01
1.40700e+01
1.40750e+01
1.40800e+01
1.40850e+01
1.40900e+01
1.40950e+01
1.41000e+01
1.41050e+01
1.41100e+01
1.41150e+01
1.41200e+01
1.41250e+01
1.41300e+01
1.41350e+01
1.41400e+01
1.41450e+01
1.41500e+01
1.41550e+01
1.41600e+01
1.41650e+01
1.41700e+01
1.41750e+01
1.41800e+01
1.41850e+01
1.41900e+01
1.41950e+01
1.42000e+01
1.42050e+01
1.42100e+01
1.42150e+01
1.42200e+01
1.42250e+01
1.42300e+01
1.42350e+01
1.42400e+01
1.42450e+01
1.42500e+01
1.42550e+01
1.42600e+01
1.42650e+01
1.42700e+01
1.42750e+01
1.42800e+01
1.42850e+01
1.42900e+01
1.42950e+01
1.43000e+01
1.43050e+01
1.43100e+01
1.43150e+01
1.43200e+01
1.43250e+01
1.43300e+01
1.43350e+01
1.43400e+01
1.43450e+01
1.43500e+01
1.43550e+01
1.43600e+01
1.43650e+01
1.43700e+01
1.43750e+01
1.43800e+01
1.43850e+01
1.43900e+01
1.43950e+01
1.44000e+01
1.44050e+01
1.44100e+01
1.44150e+01
1.44200e+01
1.44250e+01
1.44300e+01
1.44350e+01
1.44400e+01
1.44450e+01
1.44500e+01
1.44550e+01
1.44600e+01
1.44650e+01
1.44700e+01
1.44750e+01
1.44800e+01
1.44850e+01
1.44900e+01
1.44950e+01
1.45000e+01
1.45050e+01
1.45100e+01
1.45150e+01
1.45200e+01
1.45250e+01
1.45300e+01
1.45350e+01
1.45400e+01
1.45450e+01
1.45500e+01
1.45550e+01
1.45600e+01
1.45650e+01
1.45700e+01
1.45750e+01
1.45800e+01
1.45850e+01
1.45900e+01
1.45950e+01
1.46000e+01
1.46050e+01
1.46100e+01
1.46150e+01
1.46200e+01
1.46250e+01
1.46300e+01
1.46350e+01
1.46400e+01
1.46450e+01
1.46500e+01
1.46550e+01
1.46600e+01
1.46650e+01
1.46700e+01
1.46750e+01
1.46800e+01
1.46850e+01
1.46900e+01
1.46950e+01
1.47000e+01
1.47050e+01
1.47100e+01
1.47150e+01
1.47200e+01
1.47250e+01
1.47300e+01
1.47350e+01
1.47400e+01
1.47450e+01
1.47500e+01
1.47550e+01
1.47600e+01
1.47650e+01
1.47700e+01
1.47750e+01
1.47800e+01
1.47850e+01
1.47900e+01
1.47950e+01
1.48000e+01
1.48050e+01
1.48100e+01
1.48150e+01
1.48200e+01
1.48250e+01
1.48300e+01
1.48350e+01
1.48400e+01
1.48450e+01
1.48500e+01
1.48550e+01
1.48600e+01
1.48650e+01
1.48700e+01
1.48750e+01
1.48800e+01
1.48850e+01
1.48900e+01
1.48950e+01
1.49000e+01
1.49050e+01
1.49100e+01
1.49150e+01
1.49200e+01
1.49250e+01
1.49300e+01
1.49350e+01
1.49400e+01
1.49450e+01
1.49500e+01
1.49550e+01
1.49600e+01
1.49650e+01
1.49700e+01
1.49750e+01
1.49800e+01
1.49850e+01
1.49900e+01
1.49950e+01
1.50000e+01
1.50050e+01
1.50100e+01
1.50150e+01
1.50200e+01
1.50250e+01
1.50300e+01
1.50350e+01
1.50400e+01
1.50450e+01
1.50500e+01
1.50550e+01
1.50600e+01
1.50650e+01
1.50700e+01
1.50750e+01
1.50800e+01
1.50850e+01
1.50900e+01
1.50950e+01
1.51000e+01
1.51050e+01
1.51100e+01
1.51150e+01
1.51200e+01
1.51250e+01
1.51300e+01
1.51350e+01
1.51400e+01
1.51450e+01
1.51500e+01
1.51550e+01
1.51600e+01
1.51650e+01
1.51700e+01
1.51750e+01
1.51800e+01
1.51850e+01
1.51900e+01
1.51950e+01
1.52000e+01
1.52050e+01
1.52100e+01
1.52150e+01
1.52200e+01
1.52250e+01
1.52300e+01
1.52350e+01
1.52400e+01
1.52450e+01
1.52500e+01
1.52550e+01
1.52600e+01
1.52650e+01
1.52700e+01
1.52750e+01
1.52800e+01
1.52850e+01
1.52900e+01
1.52950e+01
1.53000e+01
1.53050e+01
1.53100e+01
1.53150e+01
1.53200e+01
1.53250e+01
1.53300e+01
1.53350e+01
1.53400e+01
1.53450e+01
1.53500e+01
1.53550e+01
1.53600e+01
1.53650e+01
1.53700e+01
1.53750e+01
1.53800e+01
1.53850e+01
1.53900e+01
1.53950e+01
1.54000e+01
1.54050e+01
1.54100e+01
1.54150e+01
1.54200e+01
1.54250e+01
1.54300e+01
1.54350e+01
1.54400e+01
1.54450e+01
1.54500e+01
1.54550e+01
1.54600e+01
1.54650e+01
1.54700e+01
1.54750e+01
1.54800e+01
1.54850e+01
1.54900e+01
1.54950e+01
1.55000e+01
1.55050e+01
1.55100e+01
1.55150e+01
1.55200e+01
1.55250e+01
1.55300e+01
1.55350e+01
1.55400e+01
1.55450e+01
1.55500e+01
1.55550e+01
1.55600e+01
1.55650e+01
1.55700e+01
1.55750e+01
1.55800e+01
1.55850e+01
1.55900e+01
1.55950e+01
1.56000e+01
1.56050e+01
1.56100e+01
1.56150e+01
1.56200e+01
1.56250e+01
1.56300e+01
1.56350e+01
1.56400e+01
1.56450e+01
1.56500e+01
1.56550e+01
1.56600e+01
1.56650e+01
1.56700e+01
1.56750e+01
1.56800e+01
1.56850e+01
1.56900e+01
1.56950e+01
1.57000e+01
1.57050e+01
1.57100e+01
1.57150e+01
1.57200e+01
1.57250e+01
1.57300e+01
1.57350e+01
1.57400e+01
1.57450e+01
1.57500e+01
1.57550e+01
1.57600e+01
1.57650e+01
1.57700e+01
1.57750e+01
1.57800e+01
1.57850e+01
1.57900e+01
1.57950e+01
1.58000e+01
1.58050e+01
1.58100e+01
1.58150e+01
1.58200e+01
1.58250e+01
1.58300e+01
1.58350e+01
1.58400e+01
1.58450e+01
1.58500e+01
1.58550e+01
1.58600e+01
1.58650e+01
1.58700e+01
1.58750e+01
1.58800e+01
1.58850e+01
1.58900e+01
1.58950e+01
1.59000e+01
1.59050e+01
1.59100e+01
1.59150e+01
1.59200e+01
1.59250e+01
1.59300e+01
1.59350e+01
1.59400e+01
1.59450e+01
1.59500e+01
1.59550e+01
1.59600e+01
1.59650e+01
1.59700e+01
1.59750e+01
1.59800e+01
1.59850e+01
1.59900e+01
1.59950e+01
1.60000e+01
1.60050e+01
1.60100e+01
1.60150e+01
1.60200e+01
1.60250e+01
1.60300e+01
1.60350e+01
1.60400e+01
1.60450e+01
1.60500e+01
1.60550e+01
1.60600e+01
1.60650e+01
1.60700e+01
1.60750e+01
1.60800e+01
1.60850e+01
1.60900e+01
1.60950e+01
1.61000e+01
1.61050e+01
1.61100e+01
1.61150e+01
1.61200e+01
1.61250e+01
1.61300e+01
1.61350e+01
1.61400e+01
1.61450e+01
1.61500e+01
1.61550e+01
1.61600e+01
1.61650e+01
1.61700e+01
1.61750e+01
1.61800e+01
1.61850e+01
1.61900e+01
1.61950e+01
1.62000e+01
1.62050e+01
1.62100e+01
1.62150e+01
1.62200e+01
1.62250e+01
1.62300e+01
1.62350e+01
1.62400e+01
1.62450e+01
1.62500e+01
1.62550e+01
1.62600e+01
1.62650e+01
1.62700e+01
1.62750e+01
1.62800e+01
1.62850e+01
1.62900e+01
1.62950e+01
1.63000e+01
1.63050e+01
1.63100e+01
1.63150e+01
1.63200e+01
1.63250e+01
1.63300e+01
1.63350e+01
1.63400e+01
1.63450e+01
1.63500e+01
1.63550e+01
1.63600e+01
1.63650e+01
1.63700e+01
1.63750e+01
1.63800e+01
1.63850e+01
1.63900e+01
1.63950e+01
1.64000e+01
1.64050e+01
1.64100e+01
1.64150e+01
1.64200e+01
1.64250e+01
1.64300e+01
1.64350e+01
1.64400e+01
1.64450e+01
1.64500e+01
1.64550e+01
1.64600e+01
1.64650e+01
1.64700e+01
1.64750e+01
1.64800e+01
1.64850e+01
1.64900e+01
1.64950e+01
1.65000e+01
1.65050e+01
1.65100e+01
1.65150e+01
1.65200e+01
1.65250e+01
1.65300e+01
1.65350e+01
1.65400e+01
1.65450e+01
1.65500e+01
1.65550e+01
1.65600e+01
1.65650e+01
1.65700e+01
1.65750e+01
1.65800e+01
1.65850e+01
1.65900e+01
1.65950e+01
1.66000e+01
1.66050e+01
1.66100e+01
1.66150e+01
1.66200e+01
1.66250e+01
1.66300e+01
1.66350e+01
1.66400e+01
1.66450e+01
1.66500e+01
1.66550e+01
1.66600e+01
1.66650e+01
1.66700e+01
1.66750e+01
1.66800e+01
1.66850e+01
1.66900e+01
1.66950e+01
1.67000e+01
1.67050e+01
1.67100e+01
1.67150e+01
1.67200e+01
1.67250e+01
1.67300e+01
1.67350e+01
1.67400e+01
1.67450e+01
1.67500e+01
1.67550e+01
1.67600e+01
1.67650e+01
1.67700e+01
1.67750e+01
1.67800e+01
1.67850e+01
1.67900e+01
1.67950e+01
1.68000e+01
1.68050e+01
1.68100e+01
1.68150e+01
1.68200e+01
1.68250e+01
1.68300e+01
1.68350e+01
1.68400e+01
1.68450e+01
1.68500e+01
1.68550e+01
1.68600e+01
1.68650e+01
1.68700e+01
1.68750e+01
1.68800e+01
1.68850e+01
1.68900e+01
1.68950e+01
1.69000e+01
1.69050e+01
1.69100e+01
1.69150e+01
1.69200e+01
1.69250e+01
1.69300e+01
1.69350e+01
1.69400e+01
1.69450e+01
1.69500e+01
1.69550e+01
1.69600e+01
1.69650e+01
1.69700e+01
1.69750e+01
1.69800e+01
1.69850e+01
1.69900e+01
1.69950e+01
1.70000e+01
1.70050e+01
1.70100e+01
1.70150e+01
1.70200e+01
1.70250e+01
1.70300e+01
1.70350e+01
1.70400e+01
1.70450e+01
1.70500e+01
1.70550e+01
1.70600e+01
1.70650e+01
1.70700e+01
1.70750e+01
1.70800e+01
1.70850e+01
1.70900e+01
1.70950e+01
1.71000e+01
1.71050e+01
1.71100e+01
1.71150e+01
1.71200e+01
1.71250e+01
1.71300e+01
1.71350e+01
1.71400e+01
1.71450e+01
1.71500e+01
1.71550e+01
1.71600e+01
1.71650e+01
1.71700e+01
1.71750e+01
1.71800e+01
1.71850e+01
1.71900e+01
1.71950e+01
1.72000e+01
1.72050e+01
1.72100e+01
1.72150e+01
1.72200e+01
1.72250e+01
1.72300e+01
1.72350e+01
1.72400e+01
1.72450e+01
1.72500e+01
1.72550e+01
1.72600e+01
1.72650e+01
1.72700e+01
1.72750e+01
1.72800e+01
1.72850e+01
1.72900e+01
1.72950e+01
1.73000e+01
1.73050e+01
1.73100e+01
1.73150e+01
1.73200e+01
1.73250e+01
1.73300e+01
1.73350e+01
1.73400e+01
1.73450e+01
1.73500e+01
1.73550e+01
1.73600e+01
1.73650e+01
1.73700e+01
1.73750e+01
1.73800e+01
1.73850e+01
1.73900e+01
1.73950e+01
1.74000e+01
1.74050e+01
1.74100e+01
1.74150e+01
1.74200e+01
1.74250e+01
1.74300e+01
1.74350e+01
1.74400e+01
1.74450e+01
1.74500e+01
1.74550e+01
1.74600e+01
1.74650e+01
1.74700e+01
1.74750e+01
1.74800e+01
1.74850e+01
1.74900e+01
1.74950e+01
1.75000e+01
1.75050e+01
1.75100e+01
1.75150e+01
1.75200e+01
1.75250e+01
1.75300e+01
1.75350e+01
1.75400e+01
1.75450e+01
1.75500e+01
1.75550e+01
1.75600e+01
1.75650e+01
1.75700e+01
1.75750e+01
1.75800e+01
1.75850e+01
1.75900e+01
1.75950e+01
1.76000e+01
1.76050e+01
1.76100e+01
1.76150e+01
1.76200e+01
1.76250e+01
1.76300e+01
1.76350e+01
1.76400e+01
1.76450e+01
1.76500e+01
1.76550e+01
1.76600e+01
1.76650e+01
1.76700e+01
1.76750e+01
1.76800e+01
1.76850e+01
1.76900e+01
1.76950e+01
1.77000e+01
1.77050e+01
1.77100e+01
1.77150e+01
1.77200e+01
1.77250e+01
1.77300e+01
1.77350e+01
1.77400e+01
1.77450e+01
1.77500e+01
1.77550e+01
1.77600e+01
1.77650e+01
1.77700e+01
1.77750e+01
1.77800e+01
1.77850e+01
1.77900e+01
1.77950e+01
1.78000e+01
1.78050e+01
1.78100e+01
1.78150e+01
1.78200e+01
1.78250e+01
1.78300e+01
1.78350e+01
1.78400e+01
1.78450e+01
1.78500e+01
1.78550e+01
1.78600e+01
1.78650e+01
1.78700e+01
1.78750e+01
1.78800e+01
1.78850e+01
1.78900e+01
1.78950e+01
1.79000e+01
1.79050e+01
1.79100e+01
1.79150e+01
1.79200e+01
1.79250e+01
1.79300e+01
1.79350e+01
1.79400e+01
1.79450e+01
1.79500e+01
1.79550e+01
1.79600e+01
1.79650e+01
1.79700e+01
1.79750e+01
1.79800e+01
1.79850e+01
1.79900e+01
1.79950e+01
1.80000e+01
1.80050e+01
1.80100e+01
1.80150e+01
1.80200e+01
1.80250e+01
1.80300e+01
1.80350e+01
1.80400e+01
1.80450e+01
1.80500e+01
1.80550e+01
1.80600e+01
1.80650e+01
1.80700e+01
1.80750e+01
1.80800e+01
1.80850e+01
1.80900e+01
1.80950e+01
1.81000e+01
1.81050e+01
1.81100e+01
1.81150e+01
1.81200e+01
1.81250e+01
1.81300e+01
1.81350e+01
1.81400e+01
1.81450e+01
1.81500e+01
1.81550e+01
1.81600e+01
1.81650e+01
1.81700e+01
1.81750e+01
1.81800e+01
1.81850e+01
1.81900e+01
1.81950e+01
1.82000e+01
1.82050e+01
1.82100e+01
1.82150e+01
1.82200e+01
1.82250e+01
1.82300e+01
1.82350e+01
1.82400e+01
1.82450e+01
1.82500e+01
1.82550e+01
1.82600e+01
1.82650e+01
1.82700e+01
1.82750e+01
1.82800e+01
1.82850e+01
1.82900e+01
1.82950e+01
1.83000e+01
1.83050e+01
1.83100e+01
1.83150e+01
1.83200e+01
1.83250e+01
1.83300e+01
1.83350e+01
1.83400e+01
1.83450e+01
1.83500e+01
1.83550e+01
1.83600e+01
1.83650e+01
1.83700e+01
1.83750e+01
1.83800e+01
1.83850e+01
1.83900e+01
1.83950e+01
1.84000e+01
1.84050e+01
1.84100e+01
1.84150e+01
1.84200e+01
1.84250e+01
1.84300e+01
1.84350e+01
1.84400e+01
1.84450e+01
1.84500e+01
1.84550e+01
1.84600e+01
1.84650e+01
1.84700e+01
1.84750e+01
1.84800e+01
1.84850e+01
1.84900e+01
1.84950e+01
1.85000e+01
1.85050e+01
1.85100e+01
1.85150e+01
1.85200e+01
1.85250e+01
1.85300e+01
1.85350e+01
1.85400e+01
1.85450e+01
1.85500e+01
1.85550e+01
1.85600e+01
1.85650e+01
1.85700e+01
1.85750e+01
1.85800e+01
1.85850e+01
1.85900e+01
1.85950e+01
1.86000e+01
1.86050e+01
1.86100e+01
1.86150e+01
1.86200e+01
1.86250e+01
1.86300e+01
1.86350e+01
1.86400e+01
1.86450e+01
1.86500e+01
1.86550e+01
1.86600e+01
1.86650e+01
1.86700e+01
1.86750e+01
1.86800e+01
1.86850e+01
1.86900e+01
1.86950e+01
1.87000e+01
1.87050e+01
1.87100e+01
1.87150e+01
1.87200e+01
1.87250e+01
1.87300e+01
1.87350e+01
1.87400e+01
1.87450e+01
1.87500e+01
1.87550e+01
1.87600e+01
1.87650e+01
1.87700e+01
1.87750e+01
1.87800e+01
1.87850e+01
1.87900e+01
1.87950e+01
1.88000e+01
1.88050e+01
1.88100e+01
1.88150e+01
1.88200e+01
1.88250e+01
1.88300e+01
1.88350e+01
1.88400e+01
1.88450e+01
1.88500e+01
1.88550e+01
1.88600e+01
1.88650e+01
1.88700e+01
1.88750e+01
1.88800e+01
1.88850e+01
1.88900e+01
1.88950e+01
1.89000e+01
1.89050e+01
1.89100e+01
1.89150e+01
1.89200e+01
1.89250e+01
1.89300e+01
1.89350e+01
1.89400e+01
1.89450e+01
1.89500e+01
1.89550e+01
1.89600e+01
1.89650e+01
1.89700e+01
1.89750e+01
1.89800e+01
1.89850e+01
1.89900e+01
1.89950e+01
1.90000e+01
1.90050e+01
1.90100e+01
1.90150e+01
1.90200e+01
1.90250e+01
1.90300e+01
1.90350e+01
1.90400e+01
1.90450e+01
1.90500e+01
1.90550e+01
1.90600e+01
1.90650e+01
1.90700e+01
1.90750e+01
1.90800e+01
1.90850e+01
1.90900e+01
1.90950e+01
1.91000e+01
1.91050e+01
1.91100e+01
1.91150e+01
1.91200e+01
1.91250e+01
1.91300e+01
1.91350e+01
1.91400e+01
1.91450e+01
1.91500e+01
1.91550e+01
1.91600e+01
1.91650e+01
1.91700e+01
1.91750e+01
1.91800e+01
1.91850e+01
1.91900e+01
1.91950e+01
1.92000e+01
1.92050e+01
1.92100e+01
1.92150e+01
1.92200e+01
1.92250e+01
1.92300e+01
1.92350e+01
1.92400e+01
1.92450e+01
1.92500e+01
1.92550e+01
1.92600e+01
1.92650e+01
1.92700e+01
1.92750e+01
1.92800e+01
1.92850e+01
1.92900e+01
1.92950e+01
1.93000e+01
1.93050e+01
1.93100e+01
1.93150e+01
1.93200e+01
1.93250e+01
1.93300e+01
1.93350e+01
1.93400e+01
1.93450e+01
1.93500e+01
1.93550e+01
1.93600e+01
1.93650e+01
1.93700e+01
1.93750e+01
1.93800e+01
1.93850e+01
1.93900e+01
1.93950e+01
1.94000e+01
1.94050e+01
1.94100e+01
1.94150e+01
1.94200e+01
1.94250e+01
1.94300e+01
1.94350e+01
1.94400e+01
1.94450e+01
1.94500e+01
1.94550e+01
1.94600e+01
1.94650e+01
1.94700e+01
1.94750e+01
1.94800e+01
1.94850e+01
1.94900e+01
1.94950e+01
1.95000e+01
1.95050e+01
1.95100e+01
1.95150e+01
1.95200e+01
1.95250e+01
1.95300e+01
1.95350e+01
1.95400e+01
1.95450e+01
1.95500e+01
1.95550e+01
1.95600e+01
1.95650e+01
1.95700e+01
1.95750e+01
1.95800e+01
1.95850e+01
1.95900e+01
1.95950e+01
1.96000e+01
1.96050e+01
1.96100e+01
1.96150e+01
1.96200e+01
1.96250e+01
1.96300e+01
1.96350e+01
1.96400e+01
1.96450e+01
1.96500e+01
1.96550e+01
1.96600e+01
1.96650e+01
1.96700e+01
1.96750e+01
1.96800e+01
1.96850e+01
1.96900e+01
1.96950e+01
1.97000e+01
1.97050e+01
1.97100e+01
1.97150e+01
1.97200e+01
1.97250e+01
1.97300e+01
1.97350e+01
1.97400e+01
1.97450e+01
1.97500e+01
1.97550e+01
1.97600e+01
1.97650e+01
1.97700e+01
1.97750e+01
1.97800e+01
1.97850e+01
1.97900e+01
1.97950e+01
1.98000e+01
1.98050e+01
1.98100e+01
1.98150e+01
1.98200e+01
1.98250e+01
1.98300e+01
1.98350e+01
1.98400e+01
1.98450e+01
1.98500e+01
1.98550e+01
1.98600e+01
1.98650e+01
1.98700e+01
1.98750e+01
1.98800e+01
1.98850e+01
1.98900e+01
1.98950e+01
1.99000e+01
1.99050e+01
1.99100e+01
1.99150e+01
1.99200e+01
1.99250e+01
1.99300e+01
1.99350e+01
1.99400e+01
1.99450e+01
1.99500e+01
1.99550e+01
1.99600e+01
1.99650e+01
1.99700e+01
1.99750e+01
1.99800e+01
1.99850e+01
1.99900e+01
1.99950e+01
2.00000e+01
